0.13774429979474168
0.09474682929668626
0.08836543005341921
0.09507339665202118
0.09640674999690078
0.0933273209381143
0.08182160686788147
0.08100368353701698
0.09314538388401385
0.08274396774117868
0.08129350620434772
0.07963338260889008
0.07112082924393709
0.08837193884446554
0.08952631345027263
0.08577795011102188
0.06131205535034899
0.05717435086307364
0.03792777997435174
0.023271991867856154
0.023942025492548386
0.02411075221883673
0.018913209029783284
0.013160352555515302
0.013548879075596714
0.012321716861063904
0.009231105464096882
0.010127334353171
0.007809806789330023
0.005366568081047956
0.010838877240391745
0.005944395849992016
0.01132743715309237
0.008190310293603153
0.008513394850356104
0.007378025645814608
0.008315269162475498
0.014306378706045175
0.008999650870367458
0.009812869906873108
0.00810974123060016
0.00880840499398994
0.007146715640790273
0.009319510498416318
0.0058727710108084
0.009462911170418427
0.005166480566680406
0.005549217979400499
0.006734712011585283
0.006389950481121571
0.00862664986372147
0.007318718224066968
0.006170355257727772
0.008715708598958054
0.006229170994941085
0.006149300818260498
0.007965465604170264
0.006794299249040082
0.004303741284945568
0.005109905838417405
0.005383496829821766
0.0037761367557371224
0.006245073214948939
0.005518081055007186
0.006978310584717786
0.00293032556052598
0.005132715153368138
0.0048861435592942246
0.004047884454200337
0.004021780859559957
0.00450947891173019
0.0041202425141675944
0.0037348036463105694
0.003117764904552276
0.004998169704141162
0.0049797736159353494
0.006394824711752103
0.004375141008389756
0.004856735363783905
0.005815740983005057
0.0049793305450564086
0.0029357597733856125
0.0035844087358323194
0.0037479977961566826
0.0033572279661546935
0.004946348244208053
0.006649295165499309
0.008323255806417417
0.009379332922926769
0.009298299388310423
0.005872292576638786
0.008975709018215872
0.006442521181856372
0.005385614860645339
0.005287511464371883
0.007972062110160908
0.004644071049169681
0.004459483437815056
0.006144400832243414
0.004693345333203263
0.00794263834235951
0.00391945250350342
0.005870148441896284
0.0041394486957821745
0.003139002714472094
0.004398668452733122
0.003535704430489269
0.003953834379611086
0.003858258881866531
0.0034914432920000395
0.003231071546820153
0.003684142069560882
0.004447412892821577
0.003339655268342896
0.0043454954897284015
0.0030427992449822165
0.004346593985831114
0.0034428086743196417
0.004788548562012015
0.003997020642146775
0.0037298546837326034
0.003979728396249006
0.0036813378691910276
0.003630390099569592
0.004774201313252577
0.003678217512915504
0.006836259573295334
0.004271341337228132
0.004313190689785556
0.003949089611565937
0.0036560252161790025
0.005083238955332394
0.0035462739862025753
0.003980380647062238
0.0037771833877230307
0.00409728081148448
0.0037799566583509815
0.003288141529635512
0.00476984164660614
0.005542627003476791
0.0040005028619754515
0.005469362000595457
0.00424338410853929
0.0028899534512948828
0.003810160748668753
0.003025575375575454
0.0059552519227579655
0.007352643113646615
0.01160122780998237
0.0069092376672012495
0.005928186388888819
0.007930111092857323
0.007339624400689121
0.0051924046479231035
0.004814164199669542
0.004089584453969868
0.003734159141212187
0.005634142850845389
0.0054237463842101204
0.006350980796171954
0.006232566260768539
0.006110746703763154
0.004554753826191735
0.005927310283861417
0.006281864137039508
0.004598647116706727
0.003443929466818029
0.005165575655088196
0.0048780379941783
0.0073264462209355315
0.006190935120542554
0.01100080325152082
0.008562721688066688
0.01339049495165033
0.010421395797263798
0.0036351593417024244
0.003506759698172444
0.005362534519551368
0.004014492085864509
0.003727803878653211
0.005579440402489451
0.006565075698116026
0.006076091912546141
0.0057722682557301164
0.004621801174418955
0.005114598466815837
0.005804542215105811
0.005280936645858142
0.005651481082820387
0.004667259898304018
0.004879592328295609
0.004243813964082374
0.0060904946548894804
0.007420656737176012
0.0099999700408622
0.00535908164794705
0.007386075500934548
0.005736821289056074
0.004655006252622251
0.006660991019397336
0.006269361928792391
0.004753218444152525
0.004271186931169147
0.005486007189616343
0.006828275610254385
0.006512624779571449
0.007397820176340624
0.005201127995595117
0.011060292989450105
0.005040798601606536
0.0069766551735816595
0.005121656564677098
0.013575749409827184
0.005844362518700768
0.0075376955515569985
0.008053885336468296
0.006900513810000959
0.007552362036345664
0.005172564565884712
0.006210405838561856
0.006182590595525938
0.004474691525529136
0.009774367228328093
0.007342117645974675
0.006844441453011107
0.009938278135710875
0.008781061439841798
0.007509894593548087
0.010873280910669494
0.018780765765531903
0.008950421523019895
0.007310631257927158
0.006876028512638719
0.008305078079188018
0.005029841818065266
0.00483493555538158
0.007491666276860223
0.009690181775064689
0.006467634227566789
0.007173504499026765
0.004778205073887081
0.006012527373590648
0.0061360181486529155
0.006717953706850324
0.005055018717116206
0.006127572122678196
0.0056372678093110015
0.004565423918097927
0.005762076512281883
0.008648182053923368
0.005792840877651837
0.006126042586558568
0.007347853907877096
0.008792587623643893
0.011534343238604744
0.008323007368907807
0.006424848429349309
0.011019030378233617
0.006735264454064328
0.007276138287640799
0.005313657009352035
0.006216925048612557
0.006899303476320416
0.00555100448260233
0.007958572472078183
0.0057890126933328526
0.005603684673442259
0.014117058453063911
0.007999592744919789
0.01719947240609095
0.010028533706294794
0.009209177421313844
0.006154317132496775
0.005174792444289478
0.011292726509345936
0.006283610385925623
0.011406948595942708
0.008121997227877384
0.010941001328560261
0.00854634365921709
0.010525639090488306
0.008957706466371415
0.007502856193737566
0.005380379989611581
0.009682383631032925
0.006322957524733171
0.008017276522406653
0.006000536715325656
0.010901982666976975
0.014842668656637248
0.009316338807099003
0.010641370078076732
0.01017891701232463
0.013369190375723823
0.016285051448149422
0.01321080304069462
0.008853885089708179
0.007367087027491714
0.010449616604393377
0.009278153297103065
0.00887742935412084
0.01420589124475855
0.013760192603673666
0.01891543675703998
0.006977039214036353
0.009572210127589496
0.008300270819513966
0.006352934143811605
0.017520000331387186
0.01685810403861142
0.012434251294143871
0.007168397390912446
0.0086880723624169
0.012955519963882079
0.01897944775936469
0.022362038198289493
0.007687503062394368
0.00964454158068472
0.017351063120776944
0.01502599710882264
0.008070262141610177
0.015791951608763524
0.02224048908118047
0.01785044910288411
0.007608413846789555
0.01680810825838475
0.008340502752286255
0.01610820955561165
0.027014413347450365
0.03889020073051583
0.02537845006561617
0.013072268523068885
0.021281388381746924
0.019308984346896315
0.02559127942952637
0.015611358545785943
0.0362412751984608
0.013912322679048938
0.018254605844849156
0.013399963602154622
0.018552208127539545
0.017402786565456938
0.020551987987064285
0.024257423524079384
0.020405931141394922
0.022192929489056414
0.01240757893784569
0.01971794632696528
0.033128216687559456
0.019469825954310845
0.0177611316015429
0.02204314503294357
0.025639798527717073
0.025236019174382528
0.01886335050387154
0.01266178148357402
0.018711759488744595
0.018640745779178656
0.010990810478008978
0.013036741960508842
0.012664754921170751
0.03212649053929759
0.02361126571651246
0.022160557423646154
0.030743063664724134
0.015320329231006874
0.021274039604640166
0.01644901270733583
0.012697043355447251
0.008475286213852002
0.01703784914843201
0.02665617559455733
0.022506968076591565
0.0201635721427436
0.01795576214944575
0.011084741352441379
0.012706311479833445
0.01643401896162029
0.024947061757408708
0.010884776886830415
0.024150649590984525
0.01946143758496754
0.01069861567803227
0.02679699172166099
0.032314895388521336
0.03275661408878147
0.029849092928487454
0.02054651489754277
0.016419395458379855
0.017007484746280967
0.012243152712689923
0.012726841621759707
0.02362921267935972
0.020734042524557968
0.03140614751645924
0.023807364028276875
0.026577429662549973
0.02528368673197762
0.016925926496788563
0.032881504175550434
0.02448651617426692
0.017099781177255642
0.01543995249354382
0.014050034003449056
0.01692030253892944
0.027623696777923482
0.033936832302914936
0.022986760229418743
0.02154946053532244
0.020812021713438652
0.02215764432581215
0.013890584753311602
0.009257339297388912
0.021569610888250275
0.024291089074502465
0.017085324707265
0.021359135552156495
0.019311149803246722
0.02157931694532965
0.012092362951437317
0.020300952794137402
0.019412772287004165
0.017392803996050324
0.014783233743785689
0.017065631417445458
0.014730351163508307
0.018106804436676897
0.022942364748218574
0.01340928867225537
0.039167022100652385
0.03999731526175111
0.02382492906074539
0.010430900913423627
0.016613530684444704
0.010918554139899374
0.014233314065148063
0.01789874616727017
0.029426360313143177
0.023831460806739493
0.018765977605816754
0.01524070852249092
0.016152743921755204
0.016146462167784557
0.023822094490608885
0.011189754113088635
0.012606371383625303
0.010286201506977767
0.018069334841182096
0.02484926225489463
0.019840546463050206
0.026959601706250128
0.01377113560970864
0.00929856975377212
0.010879079875327574
0.017996208831735822
0.0217317357848857
0.018052787979073517
0.03267193051424493
0.04387814650063304
0.027316567267385728
0.01706928472444051
0.012805901843552991
0.02231184454270685
0.030478030273243743
0.02040663977326708
0.016974167216426667
0.02415833853397888
0.02416150917462135
0.029918689444131688
0.01660091447499526
0.015482940093380625
0.02361560141161263
0.03284443212290099
0.015811010336843522
0.01757063687208843
0.04286478036920552
0.0354048404847711
0.012961156284702915
0.015449321971335828
0.015886050128494537
0.016627153267219648
0.017723224595232977
0.013033437604458362
0.0189461204600133
0.02697304960535339
0.027804264538242057
0.025387354479189623
0.038811068668215196
0.027862588058136472
0.02001028966032365
0.01821319775852336
0.020757933301001973
0.02610950911990908
0.02087125354096169
0.012256350168389173
0.022243281513494022
0.01424518436268105
0.01747881699562726
0.011203044956002764
0.018446745691807
0.018218395759213517
0.016668460760501342
0.024392438167187967
0.013375875632294063
0.014302908068405574
0.017698875826193557
0.017702203408649992
0.022365210573340923
0.019884096740075106
0.027578678077361155
0.023416539328986834
0.012737615455634347
0.01641013492000301
0.02029994860906646
0.0151744493062755
0.01836006567693002
0.02439447601303128
0.019285479316286547
0.025887647755503496
0.026359575439101342
0.021035153020537593
0.015083220322756068
0.01573746102464035
0.014520167490530266
0.014443320105820293
0.023377503520805854
0.01945521195460024
0.012650162740907434
0.011011189676222699
0.015720852558341727
0.02074135920457168
0.014784342051232406
0.010087287841658275
0.02091157339341569
0.020746468493738374
0.008604178175369617
0.017401505166842544
0.014464202561915072
0.013466579781087324
0.024224463230034226
0.017108514470132775
0.02118600941308101
0.031211600235091345
0.034359939454887044
0.021124596103015546
0.019549300383895546
0.02069393243034489
0.014622073442241462
0.009494536636978098
0.014657749679692708
0.009772981762731505
0.03621609382354692
0.01604748053303361
0.015308965037170276
0.014563652215152769
0.02709296489611753
0.02049100848827711
0.019369050179522604
0.014956329155501918
0.015708820920874392
0.008932152600069122
0.021095579371319513
0.016733675809877325
0.013440787131988
0.021747424040218427
0.01603024424113507
0.018944709178117157
0.018693099432299565
0.020719852570188373
0.012631203537692254
0.017811531747800903
0.014751256964674532
0.012525496261521961
0.01699221839643995
0.012843764954969437
0.01914579248119038
0.021902638385302153
0.018119119446799187
0.021235774661808957
0.016030989815783804
0.019759094254565433
0.026400269267374966
0.026266449772965585
0.025214957926720447
0.024865342586533782
0.025605362083572884
0.012267118227273768
0.0185271524643993
0.013036071444928366
0.021104584051753198
0.018490896312258257
0.025934708209524412
0.0203776649699507
0.015956339477250073
0.0325466733405968
0.010591449669195983
0.030086882939009473
0.026437444394824303
0.02541490315711769
0.01758015191528093
0.03278344007499818
0.01966668665050609
0.015945068522162514
0.021443165945869064
0.013354059468363594
0.011668355739901564
0.010797829926196895
0.030727446942817933
0.018703238284365573
0.02665599812591911
0.010713884125570372
0.023191249909364865
0.022421763323242864
0.01503664286794297
0.019350235781884308
0.00817705096080326
0.01801384523779914
0.017053832121500984
0.018863678470825873
0.012644469666006852
0.016107158624490126
0.020955822349010323
0.01737270514524012
0.026658056619811115
0.019436734745354876
0.023750507195800533
0.015816523579709755
0.02702681400040018
0.019296446917265273
0.026441318115319322
0.00827461844687608
0.014510255925493114
0.020395892524857497
0.01024507094344326
0.015835890015742145
0.019651587923355335
0.021160463060653393
0.019979642495683052
0.014393665812807408
0.012699448225728938
0.01131914162464949
0.012495506529355353
0.0084039961670287
0.024708688834224272
0.041265644462331275
0.024886254609720455
0.015574800110511242
0.021190466209687724
0.01139940524033975
0.01279878144850508
0.011504651532110548
0.011960162319180073
0.018453132553134303
0.014337122244043397
0.019964738532131026
0.01700130171769237
0.00618273422548586
0.021230549685289618
0.016135124998647166
0.012120031592117097
0.02365088275038523
0.017118712433162535
0.010431819624806344
0.010164688743608012
0.01967135967535702
0.029084831553242617
0.026335081943126025
0.024841856635161495
0.01682142880887584
0.024356472162180266
0.01714029871737164
0.011572401551461746
0.02410439275529325
0.015844067136619663
0.009605565381325728
0.022519932316656593
0.037713302244012
0.013783788864499437
0.02546156025228153
0.04023594994552993
0.02191514452616598
0.011759831656864509
0.01555399295059476
0.014808914819449626
0.01176008851902454
0.015905481629025643
0.017162719878622057
0.02111693785917889
0.015462936098765014
0.024794245613968653
0.01585704390110359
0.02204467005789919
0.03439176158881272
0.01892697391782734
0.01852543541152325
0.023164593179659194
0.020614179172215006
0.010614977856502127
0.01370042239995487
0.015271756033239357
0.014980860651900166
0.01106914526552501
0.014243236916787819
0.040226301229737034
0.019345045436572474
0.012293624102859883
0.013929321437327011
0.019923692935557652
0.015336465732059205
0.02768986449050418
0.020651772566773453
0.015872952961749957
0.008308861284235284
0.01742704652284533
0.01752062177530391
0.012068500121592657
0.01227814949551709
0.010050044650528413
0.014768322229539575
0.009337034178977547
0.009414656451704799
0.016386527077768307
0.01333447135612578
0.00926277655093602
0.015281520215621852
0.010995493865101368
0.018290830770964047
0.014341875634945319
0.008866609246697158
0.008123945253230154
0.008726037335803093
0.010203020670432786
0.02883355121368198
0.025302873194838586
0.019830085128865627
0.01558685999206674
0.011793003065259508
0.013434784115250406
0.017956891458876828
0.028567250716453815
0.012167483178364009
0.01363751269803871
0.014568134671093316
0.0329526069267238
0.016493043355745817
0.017315676472414523
0.012859848576436565
0.00908316606293392
0.013951958333055136
0.014687465243981079
0.014317469005224816
0.006415042389133411
0.01632074524398409
0.018601778608242733
0.014906107617219274
0.03518141637904461
0.02149766169201895
0.02521819341632178
0.01829860989498505
0.016768827965771796
0.013793504931285182
0.013594267733591967
0.016348703172404885
0.012129321029286556
0.007599599187795716
0.007697278387029216
0.01167693493851947
0.01609873473156871
0.007642605576001597
0.011791039620271955
0.008543490975785441
0.01702723615856999
0.010765687467718027
0.011254793393731812
0.026765499266827183
0.014586535919157644
0.014829173240282382
0.011081905500501473
0.017566944592611763
0.016153127737676482
0.01637422619958751
0.017864282199557376
0.016700572143893613
0.0155491742705795
0.012202535650443403
0.010475520973650693
0.010153075415105949
0.014174732264944295
0.02917095574598481
0.008528035349422475
0.009952288377159835
0.026807057358335787
0.009463383037913484
0.012715462282111093
0.015994709360972394
0.005936982764009315
0.01738739555908385
0.015547464955623418
0.019476692684894104
0.010182680348126378
0.010544714501493474
0.014457506858744747
0.016448463912624816
0.021761623562722925
0.014764815558312645
0.011820751944270673
0.015331866452523029
0.00839942946564383
0.010164377209231955
0.012207646698317575
0.03043430611169441
0.014826872623667744
0.02153371603888228
0.011265624919312607
0.01127792722391821
0.011559058012407013
0.01035464000602294
0.00943750253404383
0.011955469569046842
0.010886463383608271
0.024991696699695296
0.010388897574319992
0.012429575702380466
0.01351232651539468
0.022911613803743507
0.0137265766628936
0.010464507475635994
0.01119478753782794
0.01684099805148832
0.015812490248403595
0.013070277599919935
0.006720096271482859
0.011129410152056169
0.014397863845838813
0.012415303398325134
0.013986320755126784
0.008659882239882254
0.013944145542814689
0.01042649785109594
0.02156277910968349
0.0076487026838965464
0.009148876695635409
0.029793190878349564
0.013430591509872348
0.02077803445233721
0.029561100488311943
0.015877005404094417
0.017376185106552804
0.014790802681401344
0.011141450532495219
0.016183078821499382
0.017212863487843
0.01703856802176914
0.015370394825275425
0.013304830482274883
0.017904385175645167
0.011559330504888186
0.011077748730123238
0.02313741841451064
0.014366335891540266
0.00820228066179199
0.012484870076641588
0.0186005102230302
0.016510776285041794
0.013036254072780026
0.011088615657413836
0.011836595027604048
0.0157510153334211
0.016360477223933412
0.011070029645812916
0.010314815411043258
0.009575302261725965
0.011831406051796525
0.0225340328483659
0.015306522035839105
0.016653302360646625
0.008359453258990703
0.018884013560765044
0.015250978383781881
0.017599374793139222
0.023969755437983534
0.023948543037066092
0.017721858491089544
0.04355681017811566
0.044511664269273374
0.025021998467500185
0.02110369343321045
0.01884695353733877
0.01893102378374279
0.012792493042756621
0.0132092388908348
0.009254462027923458
0.008150375206400334
0.012410997860887368
0.012833667546569824
0.011123767007047697
0.01848436435309326
0.016164931777025618
0.012961387497643086
0.015449844424412629
0.014495624152476036
0.014068641868359367
0.01599416079206458
0.018540868955406412
0.014656437957715578
0.015521926389762627
0.008664184979374968
0.016309456938126098
0.018920438772639662
0.01905035218210573
0.014068255702991125
0.011278575658485397
0.012090647037994893
0.008845903492259602
0.02735878337923844
0.03894037290023124
0.021149486835486266
0.014384230888367426
0.016152496454105932
0.010085752474344971
0.015054043353272163
0.012349288362268125
0.034598491322827794
0.022555156639457733
0.018349422509652467
0.009171214722895275
0.01660935232797431
0.013147127370327477
0.019311509577102575
0.012988401610126685
0.01949453779899384
0.016509265697512605
0.013157853230401065
0.012302630563694574
0.023127982784914777
0.02926975443920781
0.01971916785341618
0.017514388836972712
0.01534959887960257
0.011241743526655657
0.014533826526971834
0.02160242342844381
0.01910309152066769
0.012924191203620096
0.01161833675838842
0.01081477362220727
0.017269542969934226
0.008711649155992818
0.014144115971589048
0.016470758963095775
0.01486683850517588
0.01065298036483238
0.014720628696685478
0.009985399597070283
0.018899112003662392
0.01793200002602948
0.011431110939247521
0.013056314047538714
0.011129731706824977
0.02133755945831979
0.01129283881471711
0.013173018282064939
0.008787659420126418
0.012337776681221633
0.022713753559312683
0.011138116903915645
0.02078581659274441
0.010809623247196155
0.010692128359742798
0.011802103039554819
0.008096118986594363
0.016180871646149064
0.011889158518874515
0.022626232784455202
0.011523190892571616
0.013079669245014086
0.011450869609873151
0.009827722859657745
0.02523566294640027
0.008064152963535957
0.017862536107293513
0.0109958075706784
0.02022189398920625
0.021782390770265624
0.02522646596833527
0.020034617058046468
0.010060769463004328
0.015965222464987265
0.010465650440704438
0.016883887491730767
0.013010423785121569
0.010272737848062397
0.006649306001925975
0.011434339458269558
0.023458657377552292
0.012506370881138847
0.01658936168049546
0.012566314796804328
0.009470473334832485
0.011109322706928798
0.010555146396990926
